,y_true,fitted_y,0,1,2,3,4,5,6
0,11.3,4.845762,0.31304157,0.06874857,-0.23971547,0.24501868,-0.008203263,0.24105245,0.5013753
1,6.5,6.533195,0.30947444,0.06865592,-0.24833725,0.2284021,-0.008186873,0.22977288,0.50127757
2,5.4,5.7977,0.30761445,0.06861935,-0.24872167,0.22527485,-0.008163205,0.22927424,0.50124365
3,2.4,4.236851,0.30252185,0.06857033,-0.25511548,0.20775168,-0.008145219,0.22089441,0.5011882
4,-1.6,3.2200549,0.3045376,0.06861647,-0.2483337,0.21697503,-0.008047086,0.22971007,0.5011723
5,3.3,1.5023772,0.3078773,0.068787776,-0.24775234,0.24590655,-0.007898677,0.23019657,0.50115764
6,-0.4,1.9022187,0.3060996,0.06870164,-0.24913782,0.22939005,-0.008023201,0.22880073,0.5011301
7,6.5,2.0897894,0.3089102,0.06883384,-0.24862263,0.22337149,-0.008053616,0.22936141,0.5011964
8,2.6,3.083159,0.30240092,0.068694115,-0.25029486,0.23041965,-0.008118282,0.22743905,0.50112194
9,-0.9,3.40235,0.30828995,0.0686198,-0.29477617,0.21141669,-0.008294753,0.16987947,0.50117546
10,3.9,1.5783988,0.30893826,0.06881151,-0.24917692,0.21596767,-0.008056081,0.229327,0.5011794
11,-4.2,1.9440795,0.3023359,0.06865309,-0.2901062,0.22598843,-0.008213653,0.176012,0.5011248
12,-10.5,-0.8718139,0.3076957,0.06871108,-0.4112181,0.12469827,-0.0085322205,0.019908398,0.5011132
13,2.6,-0.29789066,0.27754065,0.06887939,-0.24776047,-0.19592768,-0.008186576,0.23211062,0.5010898
14,9.1,7.217488,0.3079251,0.0690383,-0.24787945,-0.46914274,-0.008143921,0.2321198,0.50128007
15,9.2,5.2067857,0.36168864,0.06898262,-0.24791084,0.2290596,-0.008072626,0.2303414,0.5015721
16,7.6,6.2994046,0.33067587,0.06886832,-0.24841787,0.24047318,-0.0080793565,0.22965533,0.50144035
17,8.9,5.703597,0.31447238,0.06873708,-0.2471219,0.23579629,-0.008101229,0.23139606,0.50133336
18,0.3,5.48081,0.30608368,0.068641976,-0.24945523,0.22015966,-0.008107647,0.22822584,0.50126487
19,1.1,3.1191332,0.30324295,0.06867444,-0.25265515,0.21510455,-0.008010476,0.22380856,0.50124186
20,8.9,2.241912,0.30649453,0.06881306,-0.17022082,0.22795287,-0.0077700852,0.33098426,0.5012737
21,-2.2,4.0040665,0.296527,0.06856219,-0.2653601,0.22073017,-0.008176101,0.20786709,0.5011694
22,2.0,2.5911658,0.30675766,0.06874132,-0.24935618,0.22630638,-0.007998271,0.22790706,0.5012585
23,-5.2,1.1446428,0.3015378,0.068547554,-0.30024543,0.22829387,-0.00826631,0.16218343,0.5011064
24,2.7,0.22936587,0.3077934,0.06892149,-0.25010282,0.22424208,-0.007976798,0.22674865,0.5013068
25,6.7,2.3604703,0.3155899,0.06882147,-0.24576221,-0.035940796,-0.008113463,0.23237193,0.5012509
26,7.6,4.1713543,0.33610573,0.06883282,-0.24718323,0.22838224,-0.008159204,0.23075342,0.50144315
27,7.8,5.3096128,0.32119668,0.068744265,-0.2491906,0.23713924,-0.008156912,0.22860986,0.50136125
28,7.1,5.277174,0.31175947,0.06868162,-0.2482514,0.22942592,-0.008137094,0.22984068,0.5012973
29,3.6,5.1668897,0.30679724,0.06860367,-0.25046477,0.2192387,-0.008136017,0.22697042,0.50123745
30,4.9,3.8762078,0.30768803,0.068629645,-0.24843654,0.22295532,-0.008034163,0.22955187,0.50119966
31,1.3,3.4530144,0.307517,0.0686309,-0.24831255,0.21926495,-0.0080158105,0.22966072,0.50117064
32,4.3,2.8246424,0.30967367,0.068707846,-0.24261558,0.23669764,-0.007921689,0.23684087,0.50121707
33,4.5,2.883888,0.30845702,0.06863803,-0.24896607,0.22945286,-0.008016986,0.2288504,0.50115997
34,8.7,3.6186697,0.309008,0.068656705,-0.24722418,0.23566121,-0.007995695,0.23119451,0.50116944
35,2.6,4.8459787,0.30638647,0.06855742,-0.24885695,0.23436269,-0.008121474,0.22904445,0.50115854
36,8.3,4.1267843,0.3064163,0.06864472,-0.2492578,0.23025459,-0.008005694,0.22830163,0.501216
37,4.3,4.358562,0.3070436,0.06860623,-0.25027078,0.23108871,-0.008054047,0.22725688,0.50113267
38,6.2,4.576464,0.30825096,0.068587855,-0.24763654,0.24443983,-0.008070587,0.23061502,0.5011845
39,1.2,4.1298857,0.30742452,0.06863241,-0.25103122,0.22804704,-0.0080267675,0.2262794,0.5011701
40,9.6,3.3807483,0.31303045,0.06875936,-0.22582136,0.25341427,-0.007847021,0.25856408,0.50124866
41,5.0,4.4848204,0.308605,0.068634756,-0.24150334,0.23141727,-0.008039793,0.23863554,0.50117373
42,8.8,5.1777663,0.308951,0.06860469,-0.24195766,0.24316634,-0.008042869,0.23804502,0.50120467
43,9.1,5.0730586,0.3075462,0.068624884,-0.24920365,0.2260413,-0.008035393,0.2286747,0.50117075
44,9.6,6.2376027,0.30717096,0.06853895,-0.24839184,0.24317637,-0.008107602,0.2297882,0.50118524
45,1.4,5.8442655,0.3025085,0.06851571,-0.2720051,0.21670449,-0.008142489,0.19912489,0.50116163
46,3.4,3.9416142,0.30793294,0.06865367,-0.2427254,0.2270587,-0.007940566,0.23667261,0.5012141
47,3.3,2.6231482,0.30745503,0.06867024,-0.24690254,0.2202176,-0.007926942,0.23172304,0.5011725
48,3.5,3.0814118,0.30819178,0.06866745,-0.24896663,0.23364177,-0.007969619,0.22901563,0.501185
49,0.2,2.9591842,0.30552784,0.06860187,-0.26950145,0.22240788,-0.0080916975,0.20247158,0.5011456
50,3.8,2.3423493,0.3080075,0.06872434,-0.24744636,0.23086372,-0.007971256,0.23055264,0.50123376
51,3.0,2.5739682,0.30837482,0.06863027,-0.2558343,0.22884354,-0.008090411,0.22004566,0.501174
52,8.1,3.2664616,0.3091697,0.068712726,-0.23806249,0.2274732,-0.007965641,0.24310897,0.5012071
53,6.6,4.432163,0.3087108,0.06863646,-0.24867295,0.22976734,-0.008074602,0.22946966,0.5011711
54,3.1,4.9694858,0.30841616,0.068643585,-0.2500475,0.22957149,-0.008031323,0.22762413,0.5012015
55,1.6,3.7367222,0.30769452,0.06870097,-0.25515664,0.2271743,-0.007950171,0.22092518,0.5012223
56,6.2,3.1974902,0.30919573,0.06883003,-0.2126027,0.23999774,-0.007798512,0.27603477,0.5012919
57,1.2,3.2910275,0.30646643,0.06868779,-0.2610519,0.22644527,-0.008047839,0.2135314,0.50120443
58,2.6,2.7067738,0.30640173,0.068775944,-0.25177333,0.22508842,-0.007921169,0.2251321,0.5012945
59,-2.0,-0.5333326,0.3042571,0.06862605,-0.39146927,0.22324635,-0.008302279,0.044037387,0.5012711
60,-0.6,0.63929343,0.30855218,0.06882747,-0.2822204,0.22582488,-0.008117529,0.18586081,0.50145483
61,0.6,0.96628046,0.3092291,0.068860255,-0.24300367,0.23054507,-0.008216426,0.23679408,0.50151974
62,3.7,1.7734886,0.30678195,0.068912864,-0.24058536,0.22874573,-0.008276555,0.2397883,0.50161666
63,-4.3,-1.5139163,0.30210245,0.06864263,-0.5001845,0.22593817,-0.00886237,-0.09751937,0.50154984
64,10.7,8.836649,0.3037176,0.06951903,0.27635044,0.2275435,-0.007157044,0.9090408,0.5017444
65,2.2,4.114361,0.29855052,0.068816446,-0.24993904,0.22706792,-0.00831537,0.22708401,0.5014352
66,3.3,4.3939953,0.306151,0.06882035,-0.24916139,0.22758147,-0.008185399,0.22883591,0.5013668
67,0.9,2.6883075,0.30886406,0.06881134,-0.24955782,0.23813145,-0.008129851,0.22870944,0.50135225
68,7.3,2.518271,0.30794412,0.06882951,-0.24813859,0.22404598,-0.008128403,0.23055084,0.5013264
69,9.0,4.391734,0.3072312,0.068760835,-0.23928627,0.2317767,-0.008146083,0.24191412,0.5013152
70,3.8,5.4020977,0.30838367,0.068691686,-0.2623352,0.22766386,-0.008167594,0.21212949,0.5012653
71,6.6,4.4609947,0.308005,0.06870425,-0.24907082,0.22277516,-0.008069013,0.2291059,0.50128657
72,9.8,4.4782543,0.30921945,0.068752736,-0.23022582,0.2297846,-0.007971667,0.25367287,0.5012618
73,4.3,5.255285,0.30429134,0.06860532,-0.26990286,0.22628284,-0.008139129,0.20233902,0.50120896
74,-2.1,3.9609394,0.30589187,0.068628415,-0.28551906,0.21224439,-0.008094748,0.18188687,0.5012083
75,3.8,2.5280666,0.30797186,0.06886453,-0.18569317,0.2282899,-0.007774951,0.3114672,0.5013542
76,-3.5,-2.567994,0.30222526,0.06855383,-0.45531708,0.22117431,-0.00846061,-0.03842333,0.5012966
77,0.9,1.3973691,0.306783,0.06881071,-0.2513209,0.22787362,-0.008142846,0.2263169,0.5014814
78,-3.8,-2.3521924,0.30869144,0.068742804,-0.37784606,0.23526368,-0.008467122,0.062317193,0.50153357
79,-1.6,-0.320225,0.30453187,0.06881211,-0.27984527,0.22760658,-0.008340063,0.18918806,0.5015951
80,-4.9,-3.7188208,0.30937177,0.068776205,-0.43514705,0.22860117,-0.008601666,-0.012143344,0.50163376
81,2.8,1.1114843,0.30810452,0.069060594,-0.21320465,0.22734152,-0.008204977,0.27531782,0.50168186
82,6.8,4.6939626,0.3092395,0.06929409,-0.024764732,0.20063981,-0.007825066,0.5194753,0.5016825
83,5.4,4.17987,0.30845094,0.06896807,-0.24280652,0.23163429,-0.008288894,0.23628668,0.50154024
84,8.9,5.8887615,0.3100301,0.06899332,-0.18217668,0.23988834,-0.008109082,0.31534493,0.5014891
85,2.9,5.471111,0.30753163,0.06881251,-0.2503554,0.22621101,-0.008258558,0.22740725,0.50136375
86,2.2,3.5945983,0.30691633,0.06872776,-0.28734648,0.20968492,-0.008286107,0.1797778,0.50132877
87,2.9,2.7537048,0.3101634,0.06883021,-0.24922802,0.22390008,-0.008098852,0.22940156,0.501345
88,4.7,3.2202125,0.30690184,0.06890565,-0.23394564,0.21748959,-0.008063625,0.24913418,0.50134164
89,7.7,4.4428806,0.31281134,0.068978064,-0.18177861,0.22860189,-0.007950664,0.31651974,0.50138885
90,7.2,4.832327,0.30974817,0.06882071,-0.24607918,0.22740914,-0.008135403,0.23311877,0.50131154
91,0.0,4.3885517,0.30616537,0.06868034,-0.2992512,0.20127428,-0.008272241,0.16447616,0.5012579
92,1.3,2.7808414,0.30371797,0.0688295,-0.252155,0.18522367,-0.00813605,0.22556683,0.5012836
93,15.2,12.734025,0.30796668,0.06968973,0.47079027,0.22818017,-0.006567291,1.1624824,0.50155145
94,4.0,5.845583,0.29663697,0.06864659,-0.27397704,0.22773573,-0.008320404,0.19703169,0.501262
95,5.3,5.374657,0.30750084,0.068674505,-0.283112,0.22740912,-0.008275723,0.18537387,0.50128466
96,0.7,1.7886422,0.3061384,0.068664566,-0.35026994,0.24261793,-0.008314911,0.097957015,0.50126815
97,0.4,1.9899805,0.31141078,0.068791054,-0.27885437,0.20970547,-0.008290247,0.19141918,0.50138843
98,3.0,2.029671,0.30912784,0.06885765,-0.24329235,0.21760495,-0.008254577,0.23749042,0.5014716
99,1.0,2.1384928,0.30867046,0.068910174,-0.25959462,0.23670956,-0.008263426,0.21596646,0.50153464
100,1.3,1.6575102,0.3078763,0.06882765,-0.250935,0.19885343,-0.008416684,0.22730872,0.5015211
101,-8.3,-7.263039,0.30839443,0.06858546,-0.52849835,0.22700742,-0.00891487,-0.13356048,0.50148094
102,-0.5,-0.23713689,0.3103482,0.069019005,-0.24498323,0.22671142,-0.008331863,0.23437151,0.5016832
103,7.4,6.3399396,0.30842015,0.069288455,-0.025113776,0.22674611,-0.007886611,0.51889867,0.5017697
104,7.8,7.038284,0.30970055,0.06918631,-0.08196479,0.22507057,-0.008000622,0.4444781,0.5016978
105,-3.0,-2.1196876,0.304122,0.068738565,-0.4500507,0.22815081,-0.008783997,-0.03319332,0.5016481
106,4.8,4.059183,0.30870768,0.068941675,-0.19562408,0.22846323,-0.008335242,0.29714164,0.5016754
107,-4.4,-3.7065363,0.309208,0.068746254,-0.3914379,0.22813766,-0.00872829,0.04255882,0.5016731
108,-6.3,-5.1459618,0.3084208,0.06873532,-0.44472945,0.22876291,-0.008828645,-0.026735485,0.5017257
109,1.8,0.7030809,0.3086434,0.06908515,-0.16935493,0.22647822,-0.008280884,0.33074164,0.50183994
110,-1.5,-0.35238928,0.31085745,0.06903083,-0.26663756,0.23629947,-0.008486584,0.2044645,0.5019072
111,0.2,0.2945788,0.3097136,0.06896492,-0.30875266,0.22855783,-0.008588283,0.14966494,0.5018879
112,5.2,4.57862,0.3075692,0.06915824,-0.11402306,0.20945458,-0.0082151685,0.40216228,0.50190455
113,9.0,7.0709314,0.30908835,0.069247104,-0.053159803,0.22909136,-0.008036737,0.48124096,0.5019289
114,7.9,6.504285,0.3086494,0.06896259,-0.18338542,0.23336843,-0.008255562,0.31239772,0.50162536
115,8.3,6.826526,0.31284058,0.0688769,-0.19411114,0.23028749,-0.008187083,0.29891676,0.50148374
116,7.7,6.058488,0.30982262,0.06881504,-0.2282974,0.22864512,-0.008175954,0.25516266,0.5014263
117,6.9,5.7802663,0.3106553,0.0688043,-0.23611908,0.22787438,-0.008107943,0.2452694,0.5014025
118,3.8,4.8382154,0.30773962,0.06877865,-0.25106084,0.22424263,-0.008073331,0.22615018,0.5013643
119,3.3,3.723207,0.3079828,0.06879433,-0.25020272,0.22819589,-0.008010856,0.22717568,0.5013656
120,3.9,3.555848,0.3087231,0.06878827,-0.24925768,0.22928469,-0.008070646,0.22836515,0.50136185
121,3.5,3.6065903,0.30836087,0.06877763,-0.24212867,0.22846147,-0.008074895,0.23750067,0.5013437
122,6.1,3.3211038,0.30696893,0.06875116,-0.24677633,0.22537638,-0.008096386,0.2315636,0.5013207
123,3.0,3.831155,0.30570507,0.06872667,-0.2516959,0.22254129,-0.0081208395,0.22531682,0.50129956
124,3.7,3.49795,0.30767804,0.06876453,-0.24791275,0.2299791,-0.008032239,0.2299964,0.50133425
125,1.8,3.0429516,0.30813107,0.06874953,-0.24951074,0.2263358,-0.008092239,0.2280736,0.501327
126,3.8,2.7963684,0.30822036,0.068743706,-0.24976705,0.22974874,-0.008111275,0.22764297,0.50131595
127,2.1,2.912128,0.30672926,0.06871475,-0.24938233,0.22967087,-0.008160902,0.22824803,0.5013027
128,3.0,2.7702842,0.30798465,0.0687452,-0.24857564,0.23181218,-0.008098552,0.22914934,0.5013243
129,4.3,2.7693388,0.30828992,0.06873587,-0.24335055,0.22868717,-0.008113739,0.23612827,0.5013167
130,3.5,3.1524808,0.30690542,0.06870935,-0.2503021,0.22592403,-0.008133466,0.22721738,0.50128424
131,6.8,3.3569481,0.30738524,0.068738185,-0.24462426,0.22865938,-0.008063222,0.23448315,0.5013095
132,2.1,4.1431847,0.30649716,0.06870165,-0.24864118,0.22603671,-0.008112943,0.22953133,0.5012681
133,5.2,3.5823245,0.30798358,0.068753146,-0.24700797,0.2318529,-0.00802445,0.2312523,0.5013139
134,2.3,3.2543492,0.30743605,0.06871511,-0.25261062,0.22662506,-0.008091417,0.22437423,0.5012766
135,5.3,3.1595402,0.30811012,0.06877697,-0.24343106,0.2303966,-0.007979679,0.23597103,0.5013215
136,4.0,3.160955,0.30664602,0.0687145,-0.25709134,0.22594729,-0.008092,0.21859598,0.5012685
137,3.0,3.4844143,0.3078508,0.06876618,-0.24964997,0.22606575,-0.008001507,0.22792953,0.5013134
138,3.0,3.0015304,0.30762392,0.06876693,-0.25153098,0.22798035,-0.008013425,0.22548752,0.5013218
139,0.8,2.9618068,0.30840376,0.06875828,-0.24877658,0.22785059,-0.008077907,0.22906485,0.50131714
140,4.3,2.247993,0.3080868,0.0687716,-0.24872237,0.2270919,-0.008060257,0.2289341,0.50133365
141,1.4,2.5668883,0.30821696,0.06873381,-0.2675779,0.22864933,-0.00817939,0.20448743,0.50133234
142,0.3,2.528329,0.3069296,0.068769045,-0.26159284,0.22859906,-0.008118748,0.21206042,0.50133085
143,-3.7,-2.024497,0.3050476,0.068554215,-0.44488454,0.22764574,-0.008593635,-0.025796413,0.50132203
144,-1.9,-0.5666358,0.30889845,0.06874205,-0.29391593,0.22717384,-0.0084137935,0.17030783,0.5014881
145,3.1,1.7314374,0.3080596,0.06894342,-0.15761513,0.22688898,-0.008201935,0.34703547,0.501634
146,2.0,1.9820228,0.30787668,0.06890657,-0.24743319,0.22739789,-0.008412699,0.23023103,0.50166446
147,1.4,2.6489174,0.3087571,0.06886584,-0.25051686,0.23558663,-0.00838163,0.22585452,0.50164706
148,4.8,2.4340189,0.30961755,0.06883133,-0.24029574,0.22391146,-0.008356645,0.23934294,0.5015559
149,4.3,3.247651,0.30829886,0.06876224,-0.24800977,0.23044814,-0.008358023,0.2297775,0.5013751
150,3.9,3.7669127,0.30840805,0.06875634,-0.24945614,0.22792706,-0.008243511,0.22821574,0.50133824
151,4.2,3.6456604,0.30917972,0.06875492,-0.24075599,0.22782347,-0.008148756,0.23975684,0.5013264
152,0.7,3.5833178,0.30841595,0.06872,-0.24989945,0.22672439,-0.008134202,0.22790323,0.5012898
153,2.3,2.4772267,0.30829808,0.06878989,-0.24871333,0.22824678,-0.007983755,0.2292551,0.50128394
154,1.9,2.1865823,0.30729026,0.068728745,-0.24819648,0.22871128,-0.008042128,0.23013358,0.5012368
155,5.4,2.3535166,0.3066051,0.0687269,-0.2528804,0.22181305,-0.008037923,0.22405455,0.5012245
156,3.9,3.417329,0.30721146,0.06866868,-0.2488758,0.22885951,-0.008105941,0.22929789,0.5011968
157,5.4,3.6121368,0.30756688,0.06866261,-0.25215968,0.2227096,-0.008077947,0.2249713,0.50120896
158,2.3,3.7118118,0.30849656,0.068685725,-0.24243225,0.22688144,-0.008025385,0.23767617,0.5012107
159,4.6,3.1130314,0.3090999,0.068728976,-0.24576998,0.22741668,-0.007957104,0.23312978,0.50124097
160,1.4,3.0042112,0.30764917,0.068688236,-0.25174865,0.22762127,-0.008018093,0.22565234,0.50119925
161,1.2,2.5433595,0.3083478,0.068744875,-0.251667,0.22574437,-0.007964923,0.22542302,0.5012562
162,3.4,1.8543807,0.30733365,0.068731785,-0.24975944,0.22788656,-0.008000449,0.22794932,0.501261
163,2.7,2.6302493,0.30735737,0.06870246,-0.24660733,0.22843231,-0.008085654,0.23213185,0.5012417
164,3.0,2.8213158,0.3072888,0.06872132,-0.24875322,0.22358955,-0.008056628,0.2291693,0.5012701
165,6.6,2.9472878,0.30840367,0.068718754,-0.2429791,0.22803774,-0.008072746,0.23674005,0.5012712
166,3.6,3.9404132,0.3069247,0.06866569,-0.24946208,0.22532824,-0.008142531,0.22850275,0.5012246
167,4.1,3.7897298,0.30752257,0.06870615,-0.24831524,0.2235879,-0.008058962,0.22973362,0.50127053
168,2.6,3.4726374,0.30911717,0.068723306,-0.2388465,0.22863829,-0.008032118,0.24214621,0.501275
169,6.6,3.1557708,0.3089595,0.06874551,-0.2393911,0.22988938,-0.007998059,0.24136358,0.50128335
170,5.0,3.7414992,0.30773482,0.068677984,-0.24645442,0.22771558,-0.008097696,0.23245879,0.5012247
171,3.4,4.264849,0.30740428,0.0687038,-0.24709468,0.2269702,-0.008035044,0.23129514,0.50127035
172,4.0,3.401406,0.307799,0.068720624,-0.2490941,0.22763047,-0.007999782,0.22884318,0.5012684
173,3.7,3.180118,0.30786827,0.06870516,-0.24715471,0.22833748,-0.008045105,0.23143676,0.5012444
174,5.0,3.207483,0.3071585,0.06871654,-0.25041357,0.2277229,-0.0080262385,0.22701465,0.5012663
175,6.4,3.583461,0.30741122,0.06870632,-0.24882437,0.22703685,-0.008032682,0.22918606,0.50125366
176,3.8,4.44331,0.3070658,0.06867606,-0.24974985,0.22683206,-0.008069467,0.22810766,0.5012197
177,3.1,3.8935177,0.3076738,0.0687004,-0.24876578,0.22857393,-0.008011494,0.22910455,0.50125635
178,5.2,3.0341845,0.3077927,0.06871845,-0.24780966,0.22730917,-0.007982085,0.23045588,0.5012524
179,6.7,3.4528651,0.30746043,0.06868081,-0.24871868,0.22804391,-0.008042593,0.22945073,0.50121146
180,1.4,4.3777714,0.30642745,0.06865144,-0.25501263,0.22678146,-0.008062167,0.22123143,0.5012128
181,7.3,3.176866,0.30695215,0.06873519,-0.24979478,0.23077454,-0.007929211,0.22760868,0.5012752
182,0.5,3.54469,0.3066706,0.06866861,-0.2567415,0.22756638,-0.008056031,0.21906698,0.5011988
183,2.5,3.0085633,0.30859116,0.06875543,-0.24998742,0.22974138,-0.007955604,0.22734636,0.50128216
184,-1.1,1.8665915,0.30683002,0.06868909,-0.26524267,0.22791791,-0.008090304,0.20780222,0.50124276
185,2.3,1.737761,0.3088799,0.06883289,-0.2476997,0.23016515,-0.007963888,0.23037931,0.50130916
186,-1.7,1.570656,0.30826354,0.06869733,-0.28660256,0.2349371,-0.0082247,0.18000373,0.5012705
187,1.1,1.4194393,0.3116455,0.06892002,-0.25119424,0.236121,-0.00804212,0.22563666,0.5013288
188,3.5,1.560687,0.31117874,0.06879271,-0.24503331,0.22681168,-0.008224666,0.23379467,0.5013175
189,2.4,2.7163742,0.30804464,0.068774864,-0.24873511,0.22700538,-0.008216037,0.22896042,0.50132096
190,1.8,2.7797756,0.307742,0.0687537,-0.2503935,0.22639179,-0.008132478,0.2270127,0.5013035
191,0.6,2.4641209,0.30918464,0.06878039,-0.24446857,0.22944997,-0.008042497,0.23480396,0.50127196
192,2.2,1.9666753,0.30796978,0.068842016,-0.25047222,0.22274594,-0.007932242,0.22675377,0.50123864
193,3.4,2.202245,0.30835724,0.068756536,-0.25036284,0.2266116,-0.0079917,0.22719298,0.50120157
194,6.7,2.8074665,0.3088594,0.06871941,-0.24984229,0.22781637,-0.00801868,0.2279381,0.5011748
195,4.6,4.258007,0.3077087,0.06864695,-0.24833693,0.2271771,-0.008100575,0.22992821,0.50118345
196,2.1,4.306522,0.30709782,0.06863631,-0.24857624,0.22891304,-0.008084191,0.22963993,0.5011967
197,3.0,3.0752566,0.3075616,0.068674006,-0.24907583,0.22754163,-0.008015352,0.22894722,0.50118065
198,3.8,2.8198934,0.30840245,0.06868385,-0.24770384,0.23127337,-0.007995695,0.23066099,0.50115573
199,4.0,3.125048,0.30787593,0.068678774,-0.24851944,0.2314507,-0.007987239,0.22961603,0.50116134
200,4.4,3.3271077,0.3071995,0.0686648,-0.2492499,0.22547907,-0.0079906,0.22867231,0.5011575
201,1.8,3.5040689,0.3070434,0.06865175,-0.24968635,0.22478199,-0.007981449,0.2280917,0.50114363
202,3.5,2.8432899,0.30752975,0.068684936,-0.24612,0.2316328,-0.007896672,0.2325426,0.5011468
203,2.5,2.7259514,0.3056681,0.06864827,-0.24815872,0.22407329,-0.0079178335,0.23000465,0.50111985
204,5.3,2.8093207,0.30696422,0.068675004,-0.24760768,0.22945523,-0.007900376,0.23075788,0.5011277
205,0.9,3.2711272,0.30524036,0.06860265,-0.26274613,0.22762166,-0.00803176,0.21122159,0.5010951
206,0.6,2.5980844,0.3076475,0.06871012,-0.25808257,0.22305608,-0.007943413,0.21690522,0.50118876
207,3.4,1.6914071,0.30801892,0.06873546,-0.24178922,0.22668062,-0.007927842,0.23835722,0.5011946
208,0.9,2.2611356,0.30587628,0.068639554,-0.2569421,0.22722529,-0.008113855,0.21878302,0.50115556
209,2.3,2.4273403,0.30758297,0.06875771,-0.24636152,0.21977888,-0.007984803,0.23200698,0.5012539
210,2.2,2.1838171,0.30838087,0.068698004,-0.24956806,0.22880474,-0.008088106,0.22836053,0.501211
211,2.4,2.4446535,0.30756265,0.06870566,-0.2519968,0.22205628,-0.008114856,0.22506446,0.5012294
212,-2.3,2.5471144,0.30729294,0.06868218,-0.25374335,0.22119236,-0.008146342,0.2228656,0.50122917
213,2.1,1.3236825,0.3075236,0.068845935,-0.25238565,0.22643478,-0.007984375,0.22407418,0.5012736
214,-2.2,1.5379287,0.30630395,0.068643056,-0.27657118,0.22519861,-0.008257695,0.1931046,0.5012033
215,-8.8,1.0241593,0.31163865,0.0689267,-0.28350937,0.22435951,-0.008064412,0.18378212,0.5012938
216,-4.5,-1.6934779,0.31211132,0.06898582,-0.2535444,0.23185569,-0.008093956,0.22263801,0.5012921
217,-0.6,-0.43406558,0.30561537,0.069041185,-0.2533763,0.039684772,-0.0081775,0.22269872,0.5011116
218,1.5,0.4044551,0.30804735,0.06900975,-0.2486378,0.13091798,-0.0083016725,0.22916803,0.50132954
219,4.4,1.5934391,0.30921727,0.06895805,-0.23759751,0.22696035,-0.008362763,0.2434169,0.501599
220,1.5,3.0427117,0.30850297,0.06894537,-0.23159471,0.22789848,-0.008255913,0.25062248,0.5016289
221,3.7,2.7604017,0.3079828,0.068805166,-0.248214,0.22888154,-0.008197627,0.22992237,0.5014473
222,2.9,2.7957172,0.3070051,0.068771474,-0.24797761,0.22168256,-0.008114276,0.23020664,0.50132734
223,2.0,3.0267916,0.30778515,0.06872955,-0.24916837,0.22758606,-0.008079521,0.2287082,0.5012608
224,-1.0,2.6504297,0.30796197,0.06873192,-0.24894935,0.22715767,-0.008029382,0.22897975,0.50122565
225,2.8,1.5025142,0.30699074,0.06879087,-0.2481222,0.2305578,-0.007931844,0.2298813,0.5011988
226,-0.1,2.0469654,0.30749637,0.06873073,-0.24512412,0.22989441,-0.007963513,0.23394416,0.50116575
227,4.6,1.9830325,0.30675396,0.06877386,-0.24889253,0.22796783,-0.007931303,0.2289891,0.501178
228,3.1,2.6335502,0.3077928,0.068712205,-0.24833417,0.22854026,-0.007975702,0.22978124,0.50114965
229,1.7,3.3929682,0.30838522,0.068690374,-0.2489182,0.22777586,-0.008026894,0.22905622,0.5011874
230,0.5,2.5250022,0.30774358,0.068690516,-0.24818744,0.228557,-0.007983486,0.2299924,0.5011571
231,0.5,1.9002979,0.30841258,0.06874995,-0.24824698,0.23032008,-0.007937879,0.229812,0.5011652
232,3.5,1.615089,0.30728257,0.0687566,-0.24941145,0.2286923,-0.007919086,0.22831562,0.5011507
233,0.5,2.508617,0.307489,0.06870562,-0.24835312,0.22698066,-0.007971637,0.22977789,0.50114554
234,3.1,2.262399,0.30850354,0.06874569,-0.2494453,0.22671278,-0.007946397,0.22831339,0.50117
235,3.2,2.4155004,0.30815026,0.06869899,-0.24791114,0.22613686,-0.007983625,0.23031703,0.5011504
236,-1.1,3.0664904,0.3078756,0.068688765,-0.24775855,0.22756985,-0.007998177,0.23056836,0.50116503
237,5.4,1.7244409,0.3074243,0.0687642,-0.24839374,0.23128062,-0.007907191,0.22952212,0.50116533
238,4.9,2.7798128,0.30759963,0.06865466,-0.24867658,0.22691964,-0.0080285175,0.22930828,0.5011394
239,2.2,4.063508,0.30687124,0.06863883,-0.24881098,0.22804452,-0.008060515,0.22923331,0.5011771
240,3.8,3.052095,0.30739185,0.06866796,-0.24808575,0.22799388,-0.008001038,0.23004045,0.50116706
241,2.7,2.8732493,0.30798024,0.0686571,-0.24826832,0.22314829,-0.008020896,0.22960453,0.5011437
242,1.4,3.0682614,0.30704305,0.06865281,-0.24815884,0.2270558,-0.0080509065,0.22988948,0.5011845
243,0.6,2.335822,0.30673492,0.06866694,-0.24890329,0.22778168,-0.008001099,0.22894354,0.50115144
244,2.3,1.6968261,0.30792826,0.06871643,-0.25251597,0.2311353,-0.007960782,0.2241918,0.5011432
245,1.2,1.9996715,0.30719167,0.06866296,-0.24875836,0.2328848,-0.008000965,0.22890285,0.5011162
246,2.2,2.2964125,0.30776936,0.068738915,-0.24898349,0.22185333,-0.007964586,0.22865687,0.5011812
247,2.5,2.2283452,0.30751246,0.06869658,-0.24767819,0.23017536,-0.007967259,0.23053597,0.5011257
248,2.3,2.6281502,0.30799124,0.06870976,-0.24670671,0.2272014,-0.007977786,0.2318548,0.5011601
249,1.7,2.5460272,0.3078052,0.06870183,-0.24790956,0.22756314,-0.007976854,0.23034377,0.50115645
250,2.9,2.286315,0.30792367,0.06871197,-0.24868235,0.22832608,-0.007947596,0.22929075,0.5011431
251,3.8,2.5396087,0.30777308,0.06868404,-0.24860452,0.22596028,-0.007976803,0.22937697,0.5011351
252,3.7,3.2055206,0.30753434,0.06866874,-0.24953267,0.22578259,-0.008002284,0.22824253,0.50114226
253,2.7,3.2870696,0.3078787,0.06867052,-0.24954447,0.22852209,-0.007992899,0.2282341,0.50114745
254,2.1,3.0252862,0.30749708,0.06868716,-0.24802493,0.22680555,-0.007972729,0.23019236,0.50116086
255,1.3,2.4734507,0.30784225,0.068688296,-0.25101218,0.23274644,-0.007927042,0.22630493,0.5011191
256,2.9,2.1216156,0.30829677,0.068697065,-0.2508033,0.22892961,-0.007929006,0.226323,0.5011363
257,1.5,2.365937,0.30630237,0.06864004,-0.25298887,0.22854161,-0.007974603,0.22370632,0.5011018
258,2.5,2.4654655,0.30832982,0.068698674,-0.24763672,0.23044954,-0.007936783,0.23038936,0.5011458
